<?xml version="1.0" encoding="UTF-8" standalone="no" ?>
<SimscapeMultibodyImportXML version="2.0" xmlns="urn:mathworks:SimscapeMultibody:import" xmlns:xsi="http://www.w3.org/2001/XMLSchema-instance">
<Created by="" on="05/03/24||08:30:32" using="Simscape Multibody Link Version 7.4" from="SolidWorks 26.0.0"/>
<ModelUnits mass="kilogram" length="millimeter"/>
<DataUnits mass="kilogram" length="meter"/>
<RootAssembly name="DeltaRobot360_Asly_v2023" uid="DeltaRobot360_Asly_v2023" version="172">
<AssemblyFile name="DeltaRobot360_Asly_v2023.SLDASM" type="SolidWorks Assembly"/>
<InstanceTree>
<Instance name="Link_Asly-1" uid="Link_Asly-1" entityUid="Link_Asly" rigid="true">
<Transform>
<Rotation>0.66377645379489725 0.38993967758942527 0.63823809603385917 -0.60334966666798651 -0.22513177670032153 0.76503912504615479 0.44200678628172668 -0.89289569993432705 0.08583280211951777</Rotation>
<Translation>0.15634929617232091 -0.12951153366723261 -0.026484910633231988</Translation>
</Transform>
<Instance name="Rohr 8-10-adaptiv-1" uid="Rohr 8-10-adaptiv-1" entityUid="Rohr 8-10-adaptiv*:*Default">
<Transform>
<Rotation>-0.70710678118654802 -0.70710678118654691 0 0 0 0.99999999999999989 -0.70710678118654702 0.70710678118654802 0</Rotation>
<Translation>-0.018215153416679425 -0.14275899163619712 0.07132117507063819</Translation>
</Transform>
</Instance>
<Instance name="_D_KARM-10 CL KDGM Kopfteil-1" uid="_D_KARM-10 CL KDGM Kopfteil-1" grounded="true" entityUid="_D_KARM-10 CL KDGM Kopfteil*:*Default">
<Transform>
<Rotation>1 0 0 0 1 0 0 0 1</Rotation>
<Translation>-0.018215153416679425 0.057241008363803872 0.07132117507063819</Translation>
</Transform>
</Instance>
<Instance name="_D_KARM-10 CL KDGM Kopfteil-2" uid="_D_KARM-10 CL KDGM Kopfteil-2" entityUid="_D_KARM-10 CL KDGM Kopfteil*:*Default">
<Transform>
<Rotation>0.99999999999999978 0 0 0 -1 0 0 0 -1</Rotation>
<Translation>-0.018215153416679425 -0.34275899163619811 0.07132117507063819</Translation>
</Transform>
</Instance>
</Instance>
<Instance name="PrismaticJoint_Asly-6" uid="PrismaticJoint_Asly-6" entityUid="PrismaticJoint_Asly" rigid="true">
<Transform>
<Rotation>0.4999999999999355 -0.61237243565598165 0.61237243573566003 0.8660254037844759 0.35355339066224239 -0.35355339052421381 -1.1269546407177698e-10 0.70710678118654202 0.7071067811865529</Rotation>
<Translation>0.064530437329206644 -0.15382049188653293 -0.13328564560387368</Translation>
</Transform>
<Instance name="ETY-DR-0012-2" uid="ETY-DR-0012-2" entityUid="ETY-DR-0012*:*Default">
<Transform>
<Rotation>-1 6.9627121512215498e-15 0 -6.9627121512215498e-15 -1 0 0 0 1</Rotation>
<Translation>0.088447234896011556 -0.025137093217906997 0.10116657146976243</Translation>
</Transform>
</Instance>
<Instance name="WKM-10-14-1" uid="WKM-10-14-1" entityUid="WKM-10-14*:*Default">
<Transform>
<Rotation>7.1869102240266094e-15 1 0 -1 7.1869102240266094e-15 0 0 0 1</Rotation>
<Translation>0.061447234896011581 -0.025137093217907164 0.10116657146976241</Translation>
</Transform>
</Instance>
<Instance name="WKM-10-14-2" uid="WKM-10-14-2" entityUid="WKM-10-14*:*Default">
<Transform>
<Rotation>-1.9250516888812163e-16 -1 0 1 -1.9250516888812163e-16 0 0 0 1</Rotation>
<Translation>0.14044723489601144 -0.025137093217907192 0.10116657146976252</Translation>
</Transform>
</Instance>
<Instance name="ZWY-104001-1" uid="ZWY-104001-1" entityUid="ZWY-104001*:*Default">
<Transform>
<Rotation>1 0 0 0 1 0 0 0 1</Rotation>
<Translation>0.10094723489601139 -0.059637093217907194 0.077166571469762482</Translation>
</Transform>
</Instance>
<Instance name="ETY-DR-0012-1" uid="ETY-DR-0012-1" entityUid="ETY-DR-0012*:*Default">
<Transform>
<Rotation>1 0 0 0 1 0 0 0 1</Rotation>
<Translation>0.11344723489601141 -0.025137093217907164 0.10116657146976249</Translation>
</Transform>
</Instance>
<Instance name="ETY-DR-0010-1" uid="ETY-DR-0010-1" entityUid="ETY-DR-0010*:*Default">
<Transform>
<Rotation>-1 6.9648656193859198e-15 0 -6.9756387168032218e-15 -0.99999999999999978 -3.6637359812630166e-15 0 -3.5527136788005009e-15 0.99999999999999989</Rotation>
<Translation>0.10094723489601168 -0.037137093217906814 0.085166571469762378</Translation>
</Transform>
</Instance>
<Instance name="ZS-104001-WJ200UMA-1" uid="ZS-104001-WJ200UMA-1" grounded="true" entityUid="ZS-104001-WJ200UMA" rigid="true">
<Transform>
<Rotation>1 0 0 0 -3.4972025275692431e-15 -0.99999999999999978 0 1 -3.4416913763379853e-15</Rotation>
<Translation>0.10094723489601139 -0.059637093217907444 0.071166571469762158</Translation>
</Transform>
<Instance name="WJ200UMA-01-10-AL-2" uid="WJ200UMA-01-10-AL-2" entityUid="WJ200UMA-01-10-AL" rigid="true">
<Transform>
<Rotation>1 0 0 0 1 0 0 0 1</Rotation>
<Translation>-0.02000000000000271 -0.0090000000000010766 -0.035500000000004306</Translation>
</Transform>
<Instance name="WRZ-011007-1" uid="WRZ-011007-1" entityUid="WRZ-011007*:*Default">
<Transform>
<Rotation>-3.590386228662384e-16 -1 -1.9250516981869977e-16 1.1102230246251565e-16 -2.2937221912291803e-16 1 -0.99999999999999978 2.8488337102626011e-16 1.6653345369377348e-16</Rotation>
<Translation>-0.015499999999999983 0.0017500000000000016 0</Translation>
</Transform>
</Instance>
<Instance name="WMA-01-10-AL-1" uid="WMA-01-10-AL-1" entityUid="WMA-01-10-AL*:*Default">
<Transform>
<Rotation>1 0 0 0 1 0 0 0 1</Rotation>
<Translation>0 0 0</Translation>
</Transform>
</Instance>
<Instance name="J200UMA-01-10-1" uid="J200UMA-01-10-1" entityUid="J200UMA-01-10*:*Default">
<Transform>
<Rotation>1 0 0 0 1 0 0 0 1</Rotation>
<Translation>0 0 0</Translation>
</Transform>
</Instance>
</Instance>
<Instance name="WJ200UMA-01-10-AL-3" uid="WJ200UMA-01-10-AL-3" entityUid="WJ200UMA-01-10-AL" rigid="true">
<Transform>
<Rotation>-1 1.3618070646565194e-15 1.4517949907110859e-14 1.3558968892685228e-15 1 1.1102230246251565e-16 -1.4512039730404544e-14 1.6653345369377348e-16 -0.99999999999999978</Rotation>
<Translation>0.020000000000002183 -0.0090000000000010627 -0.035500000000004223</Translation>
</Transform>
<Instance name="WRZ-011007-1" uid="WRZ-011007-1" entityUid="WRZ-011007*:*Default">
<Transform>
<Rotation>-3.0118501520253982e-16 -1 -1.9841534520669638e-16 1.6653345369377348e-16 -1.7827854855991359e-16 1 -0.99999999999999978 3.2132181318056641e-16 1.1102230246251565e-16</Rotation>
<Translation>-0.015500000000000017 0.0017500000000000016 0</Translation>
</Transform>
</Instance>
<Instance name="WMA-01-10-AL-1" uid="WMA-01-10-AL-1" entityUid="WMA-01-10-AL*:*Default">
<Transform>
<Rotation>1 0 0 0 1 0 0 0 1</Rotation>
<Translation>0 0 0</Translation>
</Transform>
</Instance>
<Instance name="J200UMA-01-10-1" uid="J200UMA-01-10-1" entityUid="J200UMA-01-10*:*Default">
<Transform>
<Rotation>1 0 0 0 1 0 0 0 1</Rotation>
<Translation>0 0 0</Translation>
</Transform>
</Instance>
</Instance>
<Instance name="WJ200UMA-01-10-AL-4" uid="WJ200UMA-01-10-AL-4" entityUid="WJ200UMA-01-10-AL" rigid="true">
<Transform>
<Rotation>-1 1.250784762181079e-15 2.0457643088868371e-14 1.2247610772967958e-15 0.99999999999999989 -1.1102230246251565e-16 -2.0487130553871177e-14 1.1102230246251565e-16 -0.99999999999999989</Rotation>
<Translation>0.020000000000002884 -0.0090000000000010488 0.035500000000004195</Translation>
</Transform>
<Instance name="WRZ-011007-1" uid="WRZ-011007-1" entityUid="WRZ-011007*:*Default">
<Transform>
<Rotation>-2.8107150568040375e-16 -1 -2.1852885470298305e-16 2.7755575615628914e-16 -1.5816503906362691e-16 1 -0.99999999999999978 3.4143532268977778e-16 1.1102230246251565e-16</Rotation>
<Translation>-0.015500000000000014 0.0017500000000000154 0</Translation>
</Transform>
</Instance>
<Instance name="WMA-01-10-AL-1" uid="WMA-01-10-AL-1" entityUid="WMA-01-10-AL*:*Default">
<Transform>
<Rotation>1 0 0 0 1 0 0 0 1</Rotation>
<Translation>0 0 0</Translation>
</Transform>
</Instance>
<Instance name="J200UMA-01-10-1" uid="J200UMA-01-10-1" entityUid="J200UMA-01-10*:*Default">
<Transform>
<Rotation>1 0 0 0 1 0 0 0 1</Rotation>
<Translation>0 0 0</Translation>
</Transform>
</Instance>
</Instance>
<Instance name="WJ200UMA-01-10-AL-1" uid="WJ200UMA-01-10-AL-1" entityUid="WJ200UMA-01-10-AL" rigid="true">
<Transform>
<Rotation>1 0 0 0 1 0 0 0 1</Rotation>
<Translation>-0.020000000000002592 -0.0090000000000010211 0.035500000000004583</Translation>
</Transform>
<Instance name="WRZ-011007-1" uid="WRZ-011007-1" entityUid="WRZ-011007*:*Default">
<Transform>
<Rotation>-3.590386228662384e-16 -1 -1.9250516981869977e-16 1.1102230246251565e-16 -2.2937221912291803e-16 1 -0.99999999999999978 2.8488337102626011e-16 1.6653345369377348e-16</Rotation>
<Translation>-0.015499999999999983 0.0017500000000000016 0</Translation>
</Transform>
</Instance>
<Instance name="WMA-01-10-AL-1" uid="WMA-01-10-AL-1" entityUid="WMA-01-10-AL*:*Default">
<Transform>
<Rotation>1 0 0 0 1 0 0 0 1</Rotation>
<Translation>0 0 0</Translation>
</Transform>
</Instance>
<Instance name="J200UMA-01-10-1" uid="J200UMA-01-10-1" entityUid="J200UMA-01-10*:*Default">
<Transform>
<Rotation>1 0 0 0 1 0 0 0 1</Rotation>
<Translation>0 0 0</Translation>
</Transform>
</Instance>
</Instance>
<Instance name="ZSY-104001-1" uid="ZSY-104001-1" entityUid="ZSY-104001*:*Default">
<Transform>
<Rotation>1 0 0 0 1 0 0 0 1</Rotation>
<Translation>0 0 0</Translation>
</Transform>
</Instance>
</Instance>
</Instance>
<Instance name="DeltaRobot360_FixedParts_Asly-1" uid="DeltaRobot360_FixedParts_Asly-1" grounded="true" entityUid="DeltaRobot360_FixedParts_Asly" rigid="true">
<Transform>
<Rotation>-1 0 -6.9829626776862667e-15 -6.9829626776862667e-15 3.4914813388431334e-15 1 0 1 -3.4914813388431334e-15</Rotation>
<Translation>-0.19500000003930076 -0.11258330251593063 -0.24957345920800367</Translation>
</Transform>
<Instance name="ZLW-1040S-G0BW0-D0H1C-AN0A0AA-150-1" uid="ZLW-1040S-G0BW0-D0H1C-AN0A0AA-150-1" entityUid="ZLW-1040S-G0BW0-D0H1C-AN0A0AA-150" rigid="true">
<Transform>
<Rotation>1 1.0569832605501559e-10 1.0569450590141e-10 -2.7012565195835547e-15 0.70710678118654702 -0.70710678118654802 -1.4947730497061684e-10 0.70710678118654802 0.70710678118654702</Rotation>
<Translation>-0.19500000002859 0.26355492824277293 0.18424303979053203</Translation>
</Transform>
<Instance name="MK-0111 (0_X_B0)-1" uid="MK-0111 (0_X_B0)-1" entityUid="MK-0111 (0_X_B0)" rigid="true">
<Transform>
<Rotation>-1 0 -7.7132995124416288e-16 0 -1 0 -7.7132995123337994e-16 0 1</Rotation>
<Translation>-0.0300000000000001 -0.0067376725769593554 0.29999999999999999</Translation>
</Transform>
<Instance name="MF-1040-NEMA23-S-1" uid="MF-1040-NEMA23-S-1" entityUid="MF-1040-NEMA23-S" rigid="true">
<Transform>
<Rotation>1 0 0 0 1 0 0 0 1</Rotation>
<Translation>0 0 0</Translation>
</Transform>
<Instance name="ZTY-104004-1" uid="ZTY-104004-1" entityUid="ZTY-104004*:*Default">
<Transform>
<Rotation>1 0 0 0 1 0 0 0 1</Rotation>
<Translation>0 0 0</Translation>
</Transform>
</Instance>
<Instance name="ZTY-104010-1" uid="ZTY-104010-1" entityUid="ZTY-104010*:*Default">
<Transform>
<Rotation>-2.0419038086992958e-16 0 -1 1 0 -2.0419038085292884e-16 0 -1 0</Rotation>
<Translation>0.052000000000000018 0 -0.015000000000000013</Translation>
</Transform>
</Instance>
</Instance>
<Instance name="MOT-AN-S-060-035-060-M-C-AAAC-1" uid="MOT-AN-S-060-035-060-M-C-AAAC-1" entityUid="MOT-AN-S-060-035-060-M-C-AAAC" rigid="true">
<Transform>
<Rotation>3.0244355243270937e-16 0 -1 2.7755575615628914e-16 1 0 1 -2.7755575615628914e-16 3.0244355242278905e-16</Rotation>
<Translation>0.052000000000000018 0 -0.015000000000000013</Translation>
</Transform>
<Instance name="2-1" uid="2-1" entityUid="2*:*Default">
<Transform>
<Rotation>1 0 0 0 1 0 0 0 1</Rotation>
<Translation>0 0 0</Translation>
</Transform>
</Instance>
<Instance name="1-1" uid="1-1" entityUid="1*:*Default">
<Transform>
<Rotation>1 0 0 0 1 0 0 0 1</Rotation>
<Translation>0 0 0</Translation>
</Transform>
</Instance>
</Instance>
<Instance name="COU-AR-K-080-100-32-32-B-AAAA-1" uid="COU-AR-K-080-100-32-32-B-AAAA-1" entityUid="COU-AR-K-080-100-32-32-B-AAAA*:*Default">
<Transform>
<Rotation>-1.0970400099961797e-15 2.3500239613213771e-16 -1 0.98926554709129322 -0.14612897501236405 -1.1196045449013092e-15 -0.14612897501236405 -0.98926554709129322 0</Rotation>
<Translation>0.023674523555760905 0 -0.015000000000000013</Translation>
</Transform>
</Instance>
</Instance>
<Instance name="ZTL-104002-1" uid="ZTL-104002-1" entityUid="ZTL-104002" rigid="true">
<Transform>
<Rotation>-1 0 0 0 1 0 0 0 -1</Rotation>
<Translation>0 -0.0067376725769593415 0.010000000000000002</Translation>
</Transform>
<Instance name="SAXT-104001-1" uid="SAXT-104001-1" entityUid="SAXT-104001*:*Default">
<Transform>
<Rotation>1 0 0 0 1 0 0 0 1</Rotation>
<Translation>0 0 0</Translation>
</Transform>
</Instance>
<Instance name="SAXT-104002-1" uid="SAXT-104002-1" entityUid="SAXT-104002*:*Default">
<Transform>
<Rotation>-1 3.027880976292792e-16 0 3.0278809762433008e-16 1 0 0 0 -1</Rotation>
<Translation>0 0 0.052000000000000005</Translation>
</Transform>
</Instance>
</Instance>
<Instance name="ZTF-104004-1" uid="ZTF-104004-1" entityUid="ZTF-104004" rigid="true">
<Transform>
<Rotation>1 0 0 0 1 0 0 0 1</Rotation>
<Translation>0 -0.0067376725769592999 0.26000000000000001</Translation>
</Transform>
<Instance name="SAXT-104004-1" uid="SAXT-104004-1" entityUid="SAXT-104004*:*Default">
<Transform>
<Rotation>1 0 0 0 1 0 0 0 1</Rotation>
<Translation>0 0 0</Translation>
</Transform>
</Instance>
<Instance name="SAXT-104002-1" uid="SAXT-104002-1" entityUid="SAXT-104002*:*Default">
<Transform>
<Rotation>-1 -1.1960129856155921e-15 0 -1.1960129856187158e-15 1 0 0 0 -1</Rotation>
<Translation>0 0 0.051999999999999935</Translation>
</Transform>
</Instance>
</Instance>
<Instance name="ZSX-104001-konfig-1" uid="ZSX-104001-konfig-1" entityUid="ZSX-104001-konfig*:*Default">
<Transform>
<Rotation>1 0 0 0 1 0 0 0 1</Rotation>
<Translation>0 0 0</Translation>
</Transform>
</Instance>
</Instance>
<Instance name="ZLW-1040S-G0BW0-D0H1C-AN0A0AA-150-3" uid="ZLW-1040S-G0BW0-D0H1C-AN0A0AA-150-3" entityUid="ZLW-1040S-G0BW0-D0H1C-AN0A0AA-150" rigid="true">
<Transform>
<Rotation>-0.49999999999995404 -0.61237243573565969 -0.61237243565596677 -1.1270708888927001e-10 0.70710678118654924 -0.70710678118654569 0.86602540378446513 -0.35355339052422163 -0.35355339066226088</Rotation>
<Translation>-0.25705915293854398 0.26355492824221 0.076753433861765807</Translation>
</Transform>
<Instance name="MK-0111 (0_X_B0)-1" uid="MK-0111 (0_X_B0)-1" entityUid="MK-0111 (0_X_B0)" rigid="true">
<Transform>
<Rotation>-0.99999999999999989 0 -7.5222990239943958e-16 0 -1 0 -7.5222990239943958e-16 0 0.99999999999999989</Rotation>
<Translation>-0.030000000000000103 -0.0067376725769593693 0.29999999999999993</Translation>
</Transform>
<Instance name="MF-1040-NEMA23-S-1" uid="MF-1040-NEMA23-S-1" entityUid="MF-1040-NEMA23-S" rigid="true">
<Transform>
<Rotation>1 0 0 0 1 0 0 0 1</Rotation>
<Translation>0 0 0</Translation>
</Transform>
<Instance name="ZTY-104004-1" uid="ZTY-104004-1" entityUid="ZTY-104004*:*Default">
<Transform>
<Rotation>1 0 0 0 1 0 0 0 1</Rotation>
<Translation>0 0 0</Translation>
</Transform>
</Instance>
<Instance name="ZTY-104010-1" uid="ZTY-104010-1" entityUid="ZTY-104010*:*Default">
<Transform>
<Rotation>-1.9711839075894555e-16 0 -1 0.99999999999999978 0 -2.3804370705556202e-16 0 -0.99999999999999989 0</Rotation>
<Translation>0.052000000000000053 0 -0.015000000000000013</Translation>
</Transform>
</Instance>
</Instance>
<Instance name="MOT-AN-S-060-035-060-M-C-AAAC-1" uid="MOT-AN-S-060-035-060-M-C-AAAC-1" entityUid="MOT-AN-S-060-035-060-M-C-AAAC" rigid="true">
<Transform>
<Rotation>3.0248197096860974e-16 0 -1 3.3306690738754696e-16 0.99999999999999989 0 0.99999999999999978 -3.3306690738754696e-16 2.77048033084045e-16</Rotation>
<Translation>0.052000000000000039 0 -0.015000000000000013</Translation>
</Transform>
<Instance name="2-1" uid="2-1" entityUid="2*:*Default">
<Transform>
<Rotation>1 0 0 0 1 0 0 0 1</Rotation>
<Translation>0 0 0</Translation>
</Transform>
</Instance>
<Instance name="1-1" uid="1-1" entityUid="1*:*Default">
<Transform>
<Rotation>1 0 0 0 1 0 0 0 1</Rotation>
<Translation>0 0 0</Translation>
</Transform>
</Instance>
</Instance>
<Instance name="COU-AR-K-080-100-32-32-B-AAAA-1" uid="COU-AR-K-080-100-32-32-B-AAAA-1" entityUid="COU-AR-K-080-100-32-32-B-AAAA*:*Default">
<Transform>
<Rotation>-1.0358753249763671e-15 2.838533625480336e-16 -0.99999999999999989 0.98926554709129322 -0.1461289750123641 -1.1204140685979185e-15 -0.1461289750123641 -0.98926554709129322 0</Rotation>
<Translation>0.023674523555760919 0 -0.014999999999999958</Translation>
</Transform>
</Instance>
</Instance>
<Instance name="ZTL-104002-1" uid="ZTL-104002-1" entityUid="ZTL-104002" rigid="true">
<Transform>
<Rotation>-1 0 0 0 1 0 0 0 -1</Rotation>
<Translation>0 -0.0067376725769593415 0.009999999999999995</Translation>
</Transform>
<Instance name="SAXT-104001-1" uid="SAXT-104001-1" entityUid="SAXT-104001*:*Default">
<Transform>
<Rotation>1 0 0 0 1 0 0 0 1</Rotation>
<Translation>0 0 0</Translation>
</Transform>
</Instance>
<Instance name="SAXT-104002-1" uid="SAXT-104002-1" entityUid="SAXT-104002*:*Default">
<Transform>
<Rotation>-1 3.0425591884517068e-16 0 3.0425591884517068e-16 1 0 0 0 -1</Rotation>
<Translation>0 0 0.051999999999999991</Translation>
</Transform>
</Instance>
</Instance>
<Instance name="ZTF-104004-1" uid="ZTF-104004-1" entityUid="ZTF-104004" rigid="true">
<Transform>
<Rotation>1 0 0 0 1 0 0 0 1</Rotation>
<Translation>0 -0.0067376725769593138 0.26000000000000001</Translation>
</Transform>
<Instance name="SAXT-104004-1" uid="SAXT-104004-1" entityUid="SAXT-104004*:*Default">
<Transform>
<Rotation>1 0 0 0 1 0 0 0 1</Rotation>
<Translation>0 0 0</Translation>
</Transform>
</Instance>
<Instance name="SAXT-104002-1" uid="SAXT-104002-1" entityUid="SAXT-104002*:*Default">
<Transform>
<Rotation>-1 -1.2051685094386619e-15 0 -1.2051685094386619e-15 1 0 0 0 -1</Rotation>
<Translation>0 0 0.05199999999999988</Translation>
</Transform>
</Instance>
</Instance>
<Instance name="ZSX-104001-konfig-1" uid="ZSX-104001-konfig-1" entityUid="ZSX-104001-konfig*:*Default">
<Transform>
<Rotation>1 0 0 0 1 0 0 0 1</Rotation>
<Translation>0 0 0</Translation>
</Transform>
</Instance>
</Instance>
<Instance name="ETY-DR-0008-1" uid="ETY-DR-0008-1" entityUid="ETY-DR-0008*:*Default">
<Transform>
<Rotation>1 0 0 0 1 0 0 0 1</Rotation>
<Translation>0 0 0</Translation>
</Transform>
</Instance>
<Instance name="ETY-DR-0013-1" uid="ETY-DR-0013-1" entityUid="ETY-DR-0013*:*Default">
<Transform>
<Rotation>-1.0569558985366666e-10 -1.0569495147542802e-10 -1 0.70710678118654902 -0.70710678118654602 -4.5140158181052197e-16 -0.70710678118654602 -0.70710678118654902 1.4947568525249799e-10</Rotation>
<Translation>-0.17499999999701196 0.011656854249492421 0.39549990747144903</Translation>
</Transform>
</Instance>
<Instance name="ZLW-1040S-G0BW0-D0H1C-AN0A0AA-150-2" uid="ZLW-1040S-G0BW0-D0H1C-AN0A0AA-150-2" entityUid="ZLW-1040S-G0BW0-D0H1C-AN0A0AA-150" rigid="true">
<Transform>
<Rotation>-0.4999999993231643 0.61237243579870237 0.61237243614552095 -4.9047427616711326e-10 0.70710678118654813 -0.70710678118654702 -0.86602540417521001 -0.35355339041503131 -0.35355338981432605</Rotation>
<Translation>-0.132940846696082 0.26355492811608 0.076753433715686187</Translation>
</Transform>
<Instance name="MK-0111 (0_X_B0)-1" uid="MK-0111 (0_X_B0)-1" entityUid="MK-0111 (0_X_B0)" rigid="true">
<Transform>
<Rotation>-1 0 -8.3212235688139714e-16 0 -1 -1.1102230246251565e-16 -8.3212235688139714e-16 -1.110223024625156e-16 1</Rotation>
<Translation>-0.030000000000000127 -0.0067376725769592513 0.30000000000000004</Translation>
</Transform>
<Instance name="MF-1040-NEMA23-S-1" uid="MF-1040-NEMA23-S-1" entityUid="MF-1040-NEMA23-S" rigid="true">
<Transform>
<Rotation>1 0 0 0 1 0 0 0 1</Rotation>
<Translation>0 0 0</Translation>
</Transform>
<Instance name="ZTY-104004-1" uid="ZTY-104004-1" entityUid="ZTY-104004*:*Default">
<Transform>
<Rotation>1 0 0 0 1 0 0 0 1</Rotation>
<Translation>0 0 0</Translation>
</Transform>
</Instance>
<Instance name="ZTY-104010-1" uid="ZTY-104010-1" entityUid="ZTY-104010*:*Default">
<Transform>
<Rotation>-1.6598854386406199e-16 0 -1 1 -1.1102230246251568e-16 -1.6598854386406199e-16 -1.1102230246251563e-16 -1 0</Rotation>
<Translation>0.051999999999999991 0 -0.015000000000000013</Translation>
</Transform>
</Instance>
</Instance>
<Instance name="MOT-AN-S-060-035-060-M-C-AAAC-1" uid="MOT-AN-S-060-035-060-M-C-AAAC-1" entityUid="MOT-AN-S-060-035-060-M-C-AAAC" rigid="true">
<Transform>
<Rotation>2.7810066758866299e-16 0 -1 2.2204460492503126e-16 1 0 1 -2.2204460492503111e-16 2.7810066758866299e-16</Rotation>
<Translation>0.052000000000000018 0 -0.015000000000000013</Translation>
</Transform>
<Instance name="2-1" uid="2-1" entityUid="2*:*Default">
<Transform>
<Rotation>1 0 0 0 1 0 0 0 1</Rotation>
<Translation>0 0 0</Translation>
</Transform>
</Instance>
<Instance name="1-1" uid="1-1" entityUid="1*:*Default">
<Transform>
<Rotation>1 0 0 0 1 0 0 0 1</Rotation>
<Translation>0 0 0</Translation>
</Transform>
</Instance>
</Instance>
<Instance name="COU-AR-K-080-100-32-32-B-AAAA-1" uid="COU-AR-K-080-100-32-32-B-AAAA-1" entityUid="COU-AR-K-080-100-32-32-B-AAAA*:*Default">
<Transform>
<Rotation>-1.1929551608755698e-15 2.5738918003810216e-16 -0.99999999999999989 0.98926554709129344 -0.14612897501236427 -1.1945068239570134e-15 -0.14612897501236422 -0.98926554709129322 0</Rotation>
<Translation>0.023674523555760923 0 -0.014999999999999958</Translation>
</Transform>
</Instance>
</Instance>
<Instance name="ZTL-104002-1" uid="ZTL-104002-1" entityUid="ZTL-104002" rigid="true">
<Transform>
<Rotation>-1 0 0 0 1 1.1102230246251563e-16 0 1.1102230246251563e-16 -1</Rotation>
<Translation>0 -0.0067376725769593346 0.010000000000000009</Translation>
</Transform>
<Instance name="SAXT-104001-1" uid="SAXT-104001-1" entityUid="SAXT-104001*:*Default">
<Transform>
<Rotation>1 0 0 0 1 0 0 0 1</Rotation>
<Translation>0 0 0</Translation>
</Transform>
</Instance>
<Instance name="SAXT-104002-1" uid="SAXT-104002-1" entityUid="SAXT-104002*:*Default">
<Transform>
<Rotation>-1 2.2436346323876437e-16 0 2.2436346323876437e-16 1 -1.1102230246251563e-16 0 -1.1102230246251563e-16 -1</Rotation>
<Translation>0 0 0.052000000000000011</Translation>
</Transform>
</Instance>
</Instance>
<Instance name="ZTF-104004-1" uid="ZTF-104004-1" entityUid="ZTF-104004" rigid="true">
<Transform>
<Rotation>1 0 0 0 1 0 0 0 1</Rotation>
<Translation>0 -0.0067376725769592652 0.26000000000000006</Translation>
</Transform>
<Instance name="SAXT-104004-1" uid="SAXT-104004-1" entityUid="SAXT-104004*:*Default">
<Transform>
<Rotation>1 0 0 0 1 0 0 0 1</Rotation>
<Translation>0 0 0</Translation>
</Transform>
</Instance>
<Instance name="SAXT-104002-1" uid="SAXT-104002-1" entityUid="SAXT-104002*:*Default">
<Transform>
<Rotation>-1 -1.1380649758362155e-15 0 -1.1807872051281368e-15 1.0000000000000002 0 0 1.1102230246251565e-16 -1</Rotation>
<Translation>0 0 0.051999999999999935</Translation>
</Transform>
</Instance>
</Instance>
<Instance name="ZSX-104001-konfig-1" uid="ZSX-104001-konfig-1" entityUid="ZSX-104001-konfig*:*Default">
<Transform>
<Rotation>1 0 0 0 1 0 0 0 1</Rotation>
<Translation>0 0 0</Translation>
</Transform>
</Instance>
</Instance>
<Instance name="ETY-DR-0013-3" uid="ETY-DR-0013-3" entityUid="ETY-DR-0013*:*Default">
<Transform>
<Rotation>0.61237243569581212 0.6123724356958139 0.49999999999995487 0.70710678118654846 -0.7071067811865468 3.6082248300317627e-16 0.35355339059324165 0.35355339059324203 -0.8660254037844648</Rotation>
<Translation>-0.45001296706855187 0.011656854249492393 -0.011554491924307894</Translation>
</Transform>
</Instance>
<Instance name="ETY-DR-0013-2" uid="ETY-DR-0013-2" entityUid="ETY-DR-0013*:*Default">
<Transform>
<Rotation>-0.61237243631892568 -0.61237243631892802 0.4999999984736439 0.70710678118654891 -0.70710678118654635 0 0.35355338951397652 0.35355338951397763 0.86602540466568079</Rotation>
<Translation>0.040012967101439922 0.011656854249492393 -0.046195508053974113</Translation>
</Transform>
</Instance>
<Instance name="ETY-DR-0011-1" uid="ETY-DR-0011-1" entityUid="ETY-DR-0011*:*Default">
<Transform>
<Rotation>0.49999999987054095 -0.86602540385918192 9.0123096995239808e-15 2.0882867241398597e-15 1.161219176309379e-14 1 -0.86602540385918192 -0.49999999987054095 7.6146052336905794e-15</Rotation>
<Translation>-0.19500000003930198 0.19957345920800401 0.112583302515928</Translation>
</Transform>
</Instance>
</Instance>
<Instance name="PrismaticJoint_Asly-4" uid="PrismaticJoint_Asly-4" entityUid="PrismaticJoint_Asly" rigid="true">
<Transform>
<Rotation>-1 1.0569940755988938e-10 -1.0570290476241695e-10 -1.4948402194889243e-10 -0.70710678118654702 0.70710678118654791 -2.4424906541753444e-15 0.70710678118654791 0.70710678118654713</Rotation>
<Translation>0.10094723487616966 0.13279524400219808 -0.13328564561468956</Translation>
</Transform>
<Instance name="ETY-DR-0012-2" uid="ETY-DR-0012-2" entityUid="ETY-DR-0012*:*Default">
<Transform>
<Rotation>-1 6.9520251711376869e-15 0 -7.0139001842195663e-15 -0.99999999999999978 1.1102230246251565e-16 0 -1.1102230246251565e-16 1</Rotation>
<Translation>0.088447234896011584 -0.025137093217906969 0.10116657146976248</Translation>
</Transform>
</Instance>
<Instance name="WKM-10-14-1" uid="WKM-10-14-1" entityUid="WKM-10-14*:*Default">
<Transform>
<Rotation>7.1357221910121499e-15 1 0 -0.99999999999999978 7.1975972041057739e-15 1.1102230246251565e-16 -1.1102230246251565e-16 0 1</Rotation>
<Translation>0.061447234896011588 -0.025137093217907136 0.10116657146976242</Translation>
</Transform>
</Instance>
<Instance name="WKM-10-14-2" uid="WKM-10-14-2" entityUid="WKM-10-14*:*Default">
<Transform>
<Rotation>-1.5275951333176452e-16 -1 0 0.99999999999999978 -2.1463452640305684e-16 1.1102230246251565e-16 1.1102230246251565e-16 0 1</Rotation>
<Translation>0.14044723489601144 -0.025137093217907192 0.10116657146976256</Translation>
</Transform>
</Instance>
<Instance name="ZWY-104001-1" uid="ZWY-104001-1" entityUid="ZWY-104001*:*Default">
<Transform>
<Rotation>1 0 0 0 1 0 0 0 1</Rotation>
<Translation>0.10094723489601141 -0.059637093217907194 0.077166571469762496</Translation>
</Transform>
</Instance>
<Instance name="ETY-DR-0012-1" uid="ETY-DR-0012-1" entityUid="ETY-DR-0012*:*Default">
<Transform>
<Rotation>1 0 0 0 1 0 0 0 1</Rotation>
<Translation>0.11344723489601145 -0.025137093217907164 0.10116657146976253</Translation>
</Transform>
</Instance>
<Instance name="ETY-DR-0010-1" uid="ETY-DR-0010-1" entityUid="ETY-DR-0010*:*Default">
<Transform>
<Rotation>-1 6.9520251711376932e-15 0 -7.0139001842133643e-15 -0.99999999999999978 -3.4972025275692431e-15 0 -3.6637359812630166e-15 1</Rotation>
<Translation>0.10094723489601168 -0.037137093217906814 0.085166571469762392</Translation>
</Transform>
</Instance>
<Instance name="ZS-104001-WJ200UMA-1" uid="ZS-104001-WJ200UMA-1" grounded="true" entityUid="ZS-104001-WJ200UMA" rigid="true">
<Transform>
<Rotation>1 0 0 0 -3.3861802251067274e-15 -0.99999999999999978 0 1 -3.4972025275692431e-15</Rotation>
<Translation>0.10094723489601141 -0.059637093217907444 0.071166571469762158</Translation>
</Transform>
<Instance name="WJ200UMA-01-10-AL-2" uid="WJ200UMA-01-10-AL-2" entityUid="WJ200UMA-01-10-AL" rigid="true">
<Transform>
<Rotation>1 0 0 0 1 0 0 0 1</Rotation>
<Translation>-0.020000000000002696 -0.0090000000000010488 -0.035500000000004306</Translation>
</Transform>
<Instance name="WRZ-011007-1" uid="WRZ-011007-1" entityUid="WRZ-011007*:*Default">
<Transform>
<Rotation>-2.9180174480152951e-16 -1 -1.7588700739724232e-16 2.7755575615628914e-16 -2.0001023097696501e-16 1 -0.99999999999999978 3.53676757906491e-16 1.1102230246251565e-16</Rotation>
<Translation>-0.0155 0.0017500000000000016 0</Translation>
</Transform>
</Instance>
<Instance name="WMA-01-10-AL-1" uid="WMA-01-10-AL-1" entityUid="WMA-01-10-AL*:*Default">
<Transform>
<Rotation>1 0 0 0 1 0 0 0 1</Rotation>
<Translation>0 0 0</Translation>
</Transform>
</Instance>
<Instance name="J200UMA-01-10-1" uid="J200UMA-01-10-1" entityUid="J200UMA-01-10*:*Default">
<Transform>
<Rotation>1 0 0 0 1 0 0 0 1</Rotation>
<Translation>0 0 0</Translation>
</Transform>
</Instance>
</Instance>
<Instance name="WJ200UMA-01-10-AL-3" uid="WJ200UMA-01-10-AL-3" entityUid="WJ200UMA-01-10-AL" rigid="true">
<Transform>
<Rotation>-1 1.3396443284912298e-15 1.4574859129132242e-14 1.3155211048949982e-15 1 2.7755575615628914e-16 -1.4512984116036686e-14 1.1102230246251565e-16 -0.99999999999999978</Rotation>
<Translation>0.020000000000002204 -0.0090000000000010211 -0.03550000000000425</Translation>
</Transform>
<Instance name="WRZ-011007-1" uid="WRZ-011007-1" entityUid="WRZ-011007*:*Default">
<Transform>
<Rotation>-2.9180174479135833e-16 -1 -2.000102309934739e-16 1.1102230246251565e-16 -1.758870073933554e-16 1 -0.99999999999999978 3.5367675790365939e-16 2.7755575615628914e-16</Rotation>
<Translation>-0.0155 0.0017500000000000016 0</Translation>
</Transform>
</Instance>
<Instance name="WMA-01-10-AL-1" uid="WMA-01-10-AL-1" entityUid="WMA-01-10-AL*:*Default">
<Transform>
<Rotation>1 0 0 0 1 0 0 0 1</Rotation>
<Translation>0 0 0</Translation>
</Transform>
</Instance>
<Instance name="J200UMA-01-10-1" uid="J200UMA-01-10-1" entityUid="J200UMA-01-10*:*Default">
<Transform>
<Rotation>1 0 0 0 1 0 0 0 1</Rotation>
<Translation>0 0 0</Translation>
</Transform>
</Instance>
</Instance>
<Instance name="WJ200UMA-01-10-AL-4" uid="WJ200UMA-01-10-AL-4" entityUid="WJ200UMA-01-10-AL" rigid="true">
<Transform>
<Rotation>-1 1.2439061582673984e-15 2.0514552310889755e-14 1.2197829346711923e-15 1 1.1102230246251565e-16 -2.0452677297781324e-14 -1.1102230246251565e-16 -0.99999999999999978</Rotation>
<Translation>0.020000000000002897 -0.0090000000000010072 0.035500000000004195</Translation>
</Transform>
<Instance name="WRZ-011007-1" uid="WRZ-011007-1" entityUid="WRZ-011007*:*Default">
<Transform>
<Rotation>-2.9180174479140566e-16 -1 -2.000102309934455e-16 1.1102230246251565e-16 -1.758870074063085e-16 1 -0.99999999999999978 3.5367675790361048e-16 2.7755575615628914e-16</Rotation>
<Translation>-0.015499999999999996 0.0017500000000000016 0</Translation>
</Transform>
</Instance>
<Instance name="WMA-01-10-AL-1" uid="WMA-01-10-AL-1" entityUid="WMA-01-10-AL*:*Default">
<Transform>
<Rotation>1 0 0 0 1 0 0 0 1</Rotation>
<Translation>0 0 0</Translation>
</Transform>
</Instance>
<Instance name="J200UMA-01-10-1" uid="J200UMA-01-10-1" entityUid="J200UMA-01-10*:*Default">
<Transform>
<Rotation>1 0 0 0 1 0 0 0 1</Rotation>
<Translation>0 0 0</Translation>
</Transform>
</Instance>
</Instance>
<Instance name="WJ200UMA-01-10-AL-1" uid="WJ200UMA-01-10-AL-1" entityUid="WJ200UMA-01-10-AL" rigid="true">
<Transform>
<Rotation>1 0 0 0 1 0 0 0 1</Rotation>
<Translation>-0.020000000000002606 -0.0090000000000009933 0.035500000000004583</Translation>
</Transform>
<Instance name="WRZ-011007-1" uid="WRZ-011007-1" entityUid="WRZ-011007*:*Default">
<Transform>
<Rotation>-2.9180174480152951e-16 -1 -1.7588700739724232e-16 2.7755575615628914e-16 -2.0001023097696501e-16 1 -0.99999999999999978 3.53676757906491e-16 1.1102230246251565e-16</Rotation>
<Translation>-0.015499999999999993 0.0017500000000000154 0</Translation>
</Transform>
</Instance>
<Instance name="WMA-01-10-AL-1" uid="WMA-01-10-AL-1" entityUid="WMA-01-10-AL*:*Default">
<Transform>
<Rotation>1 0 0 0 1 0 0 0 1</Rotation>
<Translation>0 0 0</Translation>
</Transform>
</Instance>
<Instance name="J200UMA-01-10-1" uid="J200UMA-01-10-1" entityUid="J200UMA-01-10*:*Default">
<Transform>
<Rotation>1 0 0 0 1 0 0 0 1</Rotation>
<Translation>0 0 0</Translation>
</Transform>
</Instance>
</Instance>
<Instance name="ZSY-104001-1" uid="ZSY-104001-1" entityUid="ZSY-104001*:*Default">
<Transform>
<Rotation>1 0 0 0 1 0 0 0 1</Rotation>
<Translation>0 0 0</Translation>
</Transform>
</Instance>
</Instance>
</Instance>
<Instance name="Link_Asly-6" uid="Link_Asly-6" entityUid="Link_Asly" rigid="true">
<Transform>
<Rotation>0.90878732866040302 9.5436148567218382e-10 0.41725962093915675 -0.37256932169810936 0.45026355501582477 0.81145229776858852 -0.18787679951420139 -0.89289569996977347 0.40919381371153357</Rotation>
<Translation>0.026294254051985197 0.13167174312009172 -0.061020824094873284</Translation>
</Transform>
<Instance name="Rohr 8-10-adaptiv-1" uid="Rohr 8-10-adaptiv-1" entityUid="Rohr 8-10-adaptiv*:*Default">
<Transform>
<Rotation>-0.70710678118654824 -0.70710678118654691 0 0 0 1 -0.70710678118654702 0.70710678118654791 0</Rotation>
<Translation>-0.018215153416679432 -0.14275899163619715 0.071321175070638232</Translation>
</Transform>
</Instance>
<Instance name="_D_KARM-10 CL KDGM Kopfteil-1" uid="_D_KARM-10 CL KDGM Kopfteil-1" grounded="true" entityUid="_D_KARM-10 CL KDGM Kopfteil*:*Default">
<Transform>
<Rotation>1 0 0 0 1 0 0 0 1</Rotation>
<Translation>-0.018215153416679404 0.057241008363803858 0.071321175070638232</Translation>
</Transform>
</Instance>
<Instance name="_D_KARM-10 CL KDGM Kopfteil-2" uid="_D_KARM-10 CL KDGM Kopfteil-2" entityUid="_D_KARM-10 CL KDGM Kopfteil*:*Default">
<Transform>
<Rotation>0.99999999999999989 0 0 1.1102230246251565e-16 -1.0000000000000002 0 0 0 -1</Rotation>
<Translation>-0.018215153416679432 -0.34275899163619816 0.071321175070638232</Translation>
</Transform>
</Instance>
</Instance>
<Instance name="Link_Asly-2" uid="Link_Asly-2" entityUid="Link_Asly" rigid="true">
<Transform>
<Rotation>0.6937460034295182 0.38993967769366195 0.60552748119778532 -0.56580235916171073 -0.22513177676050233 0.79321080014060696 0.44562784146932888 -0.89289569987363171 0.064444519197246128</Rotation>
<Translation>0.11972815559817462 -0.19925284756759576 -0.024893515081271109</Translation>
</Transform>
<Instance name="Rohr 8-10-adaptiv-1" uid="Rohr 8-10-adaptiv-1" entityUid="Rohr 8-10-adaptiv*:*Default">
<Transform>
<Rotation>-0.70710678118654791 -0.70710678118654713 0 0 0 1 -0.70710678118654724 0.70710678118654791 0</Rotation>
<Translation>-0.018215153416679397 -0.1427589916361971 0.071321175070638246</Translation>
</Transform>
</Instance>
<Instance name="_D_KARM-10 CL KDGM Kopfteil-1" uid="_D_KARM-10 CL KDGM Kopfteil-1" grounded="true" entityUid="_D_KARM-10 CL KDGM Kopfteil*:*Default">
<Transform>
<Rotation>1 0 0 0 1 0 0 0 1</Rotation>
<Translation>-0.018215153416679397 0.057241008363803872 0.071321175070638232</Translation>
</Transform>
</Instance>
<Instance name="_D_KARM-10 CL KDGM Kopfteil-2" uid="_D_KARM-10 CL KDGM Kopfteil-2" entityUid="_D_KARM-10 CL KDGM Kopfteil*:*Default">
<Transform>
<Rotation>0.99999999999999989 0 0 0 -1 0 1.6306400674181987e-16 0 -1.0000000000000002</Rotation>
<Translation>-0.018215153416679425 -0.34275899163619816 0.071321175070638232</Translation>
</Transform>
</Instance>
</Instance>
<Instance name="Link_Asly-4" uid="Link_Asly-4" entityUid="Link_Asly" rigid="true">
<Transform>
<Rotation>0.029182742716941816 0.38993967668797153 -0.92037786591812232 -0.97218727240259872 0.22513177682142516 0.064556877585765782 0.23237959227503671 0.89289570029746934 0.38566435340121774</Rotation>
<Translation>-0.012269608644041948 -0.02199157932102631 0.20325013884697082</Translation>
</Transform>
<Instance name="Rohr 8-10-adaptiv-1" uid="Rohr 8-10-adaptiv-1" entityUid="Rohr 8-10-adaptiv*:*Default">
<Transform>
<Rotation>-0.70710678118654813 -0.70710678118654691 0 1.1102230246251565e-16 0 0.99999999999999978 -0.70710678118654691 0.70710678118654813 0</Rotation>
<Translation>-0.018215153416679411 -0.1427589916361971 0.071321175070638246</Translation>
</Transform>
</Instance>
<Instance name="_D_KARM-10 CL KDGM Kopfteil-1" uid="_D_KARM-10 CL KDGM Kopfteil-1" grounded="true" entityUid="_D_KARM-10 CL KDGM Kopfteil*:*Default">
<Transform>
<Rotation>1 0 0 0 1 0 0 0 1</Rotation>
<Translation>-0.018215153416679439 0.05724100836380383 0.07132117507063819</Translation>
</Transform>
</Instance>
<Instance name="_D_KARM-10 CL KDGM Kopfteil-2" uid="_D_KARM-10 CL KDGM Kopfteil-2" entityUid="_D_KARM-10 CL KDGM Kopfteil*:*Default">
<Transform>
<Rotation>1 0 0 0 -0.99999999999999989 0 0 0 -0.99999999999999989</Rotation>
<Translation>-0.01821515341667939 -0.342758991636198 0.071321175070638218</Translation>
</Transform>
</Instance>
</Instance>
<Instance name="PrismaticJoint_Asly-5" uid="PrismaticJoint_Asly-5" entityUid="PrismaticJoint_Asly" rigid="true">
<Transform>
<Rotation>0.49999999932317829 0.6123724361455134 -0.61237243579869827 -0.86602540417520191 0.35355338981434647 -0.35355339041503053 -4.9046000594188399e-10 0.70710678118654313 0.7071067811865519</Rotation>
<Translation>-0.1654776726691686 0.021025247848618461 -0.13328564569187246</Translation>
</Transform>
<Instance name="ETY-DR-0012-2" uid="ETY-DR-0012-2" entityUid="ETY-DR-0012*:*Default">
<Transform>
<Rotation>-1.0000000000000002 6.9523443821013192e-15 0 -6.9752333882347318e-15 -1 0 0 0 1</Rotation>
<Translation>0.08844723489601157 -0.025137093217906969 0.10116657146976242</Translation>
</Transform>
</Instance>
<Instance name="WKM-10-14-1" uid="WKM-10-14-1" entityUid="WKM-10-14*:*Default">
<Transform>
<Rotation>7.1188778357950927e-15 1 0 -0.99999999999999989 7.1781042006603283e-15 0 0 0 1</Rotation>
<Translation>0.061447234896011574 -0.025137093217907164 0.10116657146976242</Translation>
</Transform>
</Instance>
<Instance name="WKM-10-14-2" uid="WKM-10-14-2" entityUid="WKM-10-14*:*Default">
<Transform>
<Rotation>-1.7998393188786435e-16 -1 0 0.99999999999999989 -1.8942033417980689e-16 0 0 0 1</Rotation>
<Translation>0.14044723489601146 -0.025137093217907164 0.1011665714697625</Translation>
</Transform>
</Instance>
<Instance name="ZWY-104001-1" uid="ZWY-104001-1" entityUid="ZWY-104001*:*Default">
<Transform>
<Rotation>1 0 0 0 1 0 0 0 1</Rotation>
<Translation>0.10094723489601143 -0.059637093217907194 0.077166571469762496</Translation>
</Transform>
</Instance>
<Instance name="ETY-DR-0012-1" uid="ETY-DR-0012-1" entityUid="ETY-DR-0012*:*Default">
<Transform>
<Rotation>1 0 0 0 1 0 0 0 1</Rotation>
<Translation>0.11344723489601145 -0.025137093217907164 0.1011665714697625</Translation>
</Transform>
</Instance>
<Instance name="ETY-DR-0010-1" uid="ETY-DR-0010-1" entityUid="ETY-DR-0010*:*Default">
<Transform>
<Rotation>-1.0000000000000002 6.9523443833420902e-15 0 -6.9881599538551778e-15 -1 -3.6082248300317588e-15 0 -3.5527136788005009e-15 1</Rotation>
<Translation>0.10094723489601166 -0.037137093217906786 0.085166571469762378</Translation>
</Transform>
</Instance>
<Instance name="ZS-104001-WJ200UMA-1" uid="ZS-104001-WJ200UMA-1" grounded="true" entityUid="ZS-104001-WJ200UMA" rigid="true">
<Transform>
<Rotation>1 0 0 0 -3.3861802251067274e-15 -1 0 1 -3.3861802251067274e-15</Rotation>
<Translation>0.10094723489601139 -0.059637093217907444 0.071166571469762158</Translation>
</Transform>
<Instance name="WJ200UMA-01-10-AL-2" uid="WJ200UMA-01-10-AL-2" entityUid="WJ200UMA-01-10-AL" rigid="true">
<Transform>
<Rotation>1 0 0 0 1 0 0 0 1</Rotation>
<Translation>-0.0200000000000027 -0.0090000000000010627 -0.035500000000004306</Translation>
</Transform>
<Instance name="WRZ-011007-1" uid="WRZ-011007-1" entityUid="WRZ-011007*:*Default">
<Transform>
<Rotation>-2.9100623559115092e-16 -1.0000000000000002 -1.7998393493809286e-16 1.6653345369377348e-16 -1.8638230270764364e-16 1 -1 3.5291575831427228e-16 2.2204460492503131e-16</Rotation>
<Translation>-0.015500000000000003 0.0017500000000000016 0</Translation>
</Transform>
</Instance>
<Instance name="WMA-01-10-AL-1" uid="WMA-01-10-AL-1" entityUid="WMA-01-10-AL*:*Default">
<Transform>
<Rotation>1 0 0 0 1 0 0 0 1</Rotation>
<Translation>0 0 0</Translation>
</Transform>
</Instance>
<Instance name="J200UMA-01-10-1" uid="J200UMA-01-10-1" entityUid="J200UMA-01-10*:*Default">
<Transform>
<Rotation>1 0 0 0 1 0 0 0 1</Rotation>
<Translation>0 0 0</Translation>
</Transform>
</Instance>
</Instance>
<Instance name="WJ200UMA-01-10-AL-3" uid="WJ200UMA-01-10-AL-3" entityUid="WJ200UMA-01-10-AL" rigid="true">
<Transform>
